procs=2  iters=79  time=9.34519  comm=0.987614  overlap=0.216739  pct=21.9457%
procs=4  iters=79  time=20.5402  comm=6.97992  overlap=0.231561  pct=3.31754%
